INVX1, 1.80, 5.00, 0.05, 0.50, 3.7228e-10, 2.0554e-08
INVX1, 1.80, 5.00, 0.05, 1.00, 6.3228e-10, 2.1110e-08
INVX1, 1.80, 5.00, 0.05, 1.50, 8.7928e-10, 2.1669e-08
INVX1, 1.80, 5.00, 0.10, 0.50, 4.6028e-10, 2.0560e-08
INVX1, 1.80, 5.00, 0.10, 1.00, 7.4228e-10, 2.1109e-08
INVX1, 1.80, 5.00, 0.10, 1.50, 1.0063e-09, 2.1664e-08
INVX1, 1.80, 5.00, 0.15, 0.50, 5.3550e-10, 2.0575e-08
INVX1, 1.80, 5.00, 0.15, 1.00, 8.3428e-10, 2.1114e-08
INVX1, 1.80, 5.00, 0.15, 1.50, 1.1113e-09, 2.1664e-08
INVX1, 1.80, 5.00, 0.20, 0.50, 6.1150e-10, 2.0592e-08
INVX1, 1.80, 5.00, 0.20, 1.00, 9.1728e-10, 2.1120e-08
INVX1, 1.80, 5.00, 0.20, 1.50, 1.2053e-09, 2.1669e-08
INVX1, 1.80, 10.00, 0.05, 0.50, 3.7228e-10, 2.0554e-08
INVX1, 1.80, 10.00, 0.05, 1.00, 6.3228e-10, 2.1110e-08
INVX1, 1.80, 10.00, 0.05, 1.50, 8.7928e-10, 2.1669e-08
INVX1, 1.80, 10.00, 0.10, 0.50, 4.5928e-10, 2.0560e-08
INVX1, 1.80, 10.00, 0.10, 1.00, 7.4128e-10, 2.1110e-08
INVX1, 1.80, 10.00, 0.10, 1.50, 1.0063e-09, 2.1664e-08
INVX1, 1.80, 10.00, 0.15, 0.50, 5.3450e-10, 2.0576e-08
INVX1, 1.80, 10.00, 0.15, 1.00, 8.3328e-10, 2.1114e-08
INVX1, 1.80, 10.00, 0.15, 1.50, 1.1113e-09, 2.1664e-08
INVX1, 1.80, 10.00, 0.20, 0.50, 6.1050e-10, 2.0592e-08
INVX1, 1.80, 10.00, 0.20, 1.00, 9.1628e-10, 2.1121e-08
INVX1, 1.80, 10.00, 0.20, 1.50, 1.2043e-09, 2.1669e-08
INVX1, 1.80, 15.00, 0.05, 0.50, 3.7228e-10, 2.0554e-08
INVX1, 1.80, 15.00, 0.05, 1.00, 6.3228e-10, 2.1110e-08
INVX1, 1.80, 15.00, 0.05, 1.50, 8.7928e-10, 2.1669e-08
INVX1, 1.80, 15.00, 0.10, 0.50, 4.5928e-10, 2.0560e-08
INVX1, 1.80, 15.00, 0.10, 1.00, 7.4128e-10, 2.1109e-08
INVX1, 1.80, 15.00, 0.10, 1.50, 1.0063e-09, 2.1663e-08
INVX1, 1.80, 15.00, 0.15, 0.50, 5.3450e-10, 2.0575e-08
INVX1, 1.80, 15.00, 0.15, 1.00, 8.3328e-10, 2.1114e-08
INVX1, 1.80, 15.00, 0.15, 1.50, 1.1103e-09, 2.1664e-08
INVX1, 1.80, 15.00, 0.20, 0.50, 6.0950e-10, 2.0593e-08
INVX1, 1.80, 15.00, 0.20, 1.00, 9.1628e-10, 2.1120e-08
INVX1, 1.80, 15.00, 0.20, 1.50, 1.2043e-09, 2.1668e-08
INVX1, 2.00, 5.00, 0.05, 0.50, 3.6428e-10, 2.0552e-08
INVX1, 2.00, 5.00, 0.05, 1.00, 6.2228e-10, 2.1109e-08
INVX1, 2.00, 5.00, 0.05, 1.50, 8.6828e-10, 2.1667e-08
INVX1, 2.00, 5.00, 0.10, 0.50, 4.4728e-10, 2.0554e-08
INVX1, 2.00, 5.00, 0.10, 1.00, 7.2628e-10, 2.1104e-08
INVX1, 2.00, 5.00, 0.10, 1.50, 9.8928e-10, 2.1660e-08
INVX1, 2.00, 5.00, 0.15, 0.50, 5.1950e-10, 2.0565e-08
INVX1, 2.00, 5.00, 0.15, 1.00, 8.1328e-10, 2.1105e-08
INVX1, 2.00, 5.00, 0.15, 1.50, 1.0883e-09, 2.1657e-08
INVX1, 2.00, 5.00, 0.20, 0.50, 5.9050e-10, 2.0579e-08
INVX1, 2.00, 5.00, 0.20, 1.00, 8.9228e-10, 2.1109e-08
INVX1, 2.00, 5.00, 0.20, 1.50, 1.1773e-09, 2.1657e-08
INVX1, 2.00, 10.00, 0.05, 0.50, 3.6428e-10, 2.0552e-08
INVX1, 2.00, 10.00, 0.05, 1.00, 6.2228e-10, 2.1109e-08
INVX1, 2.00, 10.00, 0.05, 1.50, 8.6828e-10, 2.1667e-08
INVX1, 2.00, 10.00, 0.10, 0.50, 4.4728e-10, 2.0554e-08
INVX1, 2.00, 10.00, 0.10, 1.00, 7.2628e-10, 2.1104e-08
INVX1, 2.00, 10.00, 0.10, 1.50, 9.8828e-10, 2.1661e-08
INVX1, 2.00, 10.00, 0.15, 0.50, 5.1850e-10, 2.0565e-08
INVX1, 2.00, 10.00, 0.15, 1.00, 8.1228e-10, 2.1106e-08
INVX1, 2.00, 10.00, 0.15, 1.50, 1.0883e-09, 2.1656e-08
INVX1, 2.00, 10.00, 0.20, 0.50, 5.8950e-10, 2.0579e-08
INVX1, 2.00, 10.00, 0.20, 1.00, 8.9128e-10, 2.1109e-08
INVX1, 2.00, 10.00, 0.20, 1.50, 1.1763e-09, 2.1657e-08
INVX1, 2.00, 15.00, 0.05, 0.50, 3.6428e-10, 2.0552e-08
INVX1, 2.00, 15.00, 0.05, 1.00, 6.2228e-10, 2.1109e-08
INVX1, 2.00, 15.00, 0.05, 1.50, 8.6828e-10, 2.1667e-08
INVX1, 2.00, 15.00, 0.10, 0.50, 4.4628e-10, 2.0555e-08
INVX1, 2.00, 15.00, 0.10, 1.00, 7.2628e-10, 2.1104e-08
INVX1, 2.00, 15.00, 0.10, 1.50, 9.8828e-10, 2.1661e-08
INVX1, 2.00, 15.00, 0.15, 0.50, 5.1850e-10, 2.0565e-08
INVX1, 2.00, 15.00, 0.15, 1.00, 8.1228e-10, 2.1105e-08
INVX1, 2.00, 15.00, 0.15, 1.50, 1.0873e-09, 2.1657e-08
INVX1, 2.00, 15.00, 0.20, 0.50, 5.8950e-10, 2.0579e-08
INVX1, 2.00, 15.00, 0.20, 1.00, 8.9028e-10, 2.1110e-08
INVX1, 2.00, 15.00, 0.20, 1.50, 1.1763e-09, 2.1656e-08
INVX1, 2.20, 5.00, 0.05, 0.50, 3.5628e-10, 2.0551e-08
INVX1, 2.20, 5.00, 0.05, 1.00, 6.1428e-10, 2.1107e-08
INVX1, 2.20, 5.00, 0.05, 1.50, 8.6028e-10, 2.1662e-08
INVX1, 2.20, 5.00, 0.10, 0.50, 4.3328e-10, 2.0552e-08
INVX1, 2.20, 5.00, 0.10, 1.00, 7.1128e-10, 2.1102e-08
INVX1, 2.20, 5.00, 0.10, 1.50, 9.7328e-10, 2.1657e-08
INVX1, 2.20, 5.00, 0.15, 0.50, 5.0030e-10, 2.0560e-08
INVX1, 2.20, 5.00, 0.15, 1.00, 7.9228e-10, 2.1101e-08
INVX1, 2.20, 5.00, 0.15, 1.50, 1.0663e-09, 2.1652e-08
INVX1, 2.20, 5.00, 0.20, 0.50, 5.6650e-10, 2.0571e-08
INVX1, 2.20, 5.00, 0.20, 1.00, 8.6428e-10, 2.1105e-08
INVX1, 2.20, 5.00, 0.20, 1.50, 1.1483e-09, 2.1651e-08
INVX1, 2.20, 10.00, 0.05, 0.50, 3.5628e-10, 2.0551e-08
INVX1, 2.20, 10.00, 0.05, 1.00, 6.1428e-10, 2.1106e-08
INVX1, 2.20, 10.00, 0.05, 1.50, 8.6028e-10, 2.1662e-08
INVX1, 2.20, 10.00, 0.10, 0.50, 4.3328e-10, 2.0552e-08
INVX1, 2.20, 10.00, 0.10, 1.00, 7.1128e-10, 2.1101e-08
INVX1, 2.20, 10.00, 0.10, 1.50, 9.7228e-10, 2.1658e-08
INVX1, 2.20, 10.00, 0.15, 0.50, 5.0000e-10, 2.0560e-08
INVX1, 2.20, 10.00, 0.15, 1.00, 7.9128e-10, 2.1101e-08
INVX1, 2.20, 10.00, 0.15, 1.50, 1.0653e-09, 2.1653e-08
INVX1, 2.20, 10.00, 0.20, 0.50, 5.6550e-10, 2.0572e-08
INVX1, 2.20, 10.00, 0.20, 1.00, 8.6428e-10, 2.1104e-08
INVX1, 2.20, 10.00, 0.20, 1.50, 1.1473e-09, 2.1651e-08
INVX1, 2.20, 15.00, 0.05, 0.50, 3.5628e-10, 2.0551e-08
INVX1, 2.20, 15.00, 0.05, 1.00, 6.1428e-10, 2.1106e-08
INVX1, 2.20, 15.00, 0.05, 1.50, 8.5928e-10, 2.1663e-08
INVX1, 2.20, 15.00, 0.10, 0.50, 4.3328e-10, 2.0552e-08
INVX1, 2.20, 15.00, 0.10, 1.00, 7.1028e-10, 2.1102e-08
INVX1, 2.20, 15.00, 0.10, 1.50, 9.7228e-10, 2.1658e-08
INVX1, 2.20, 15.00, 0.15, 0.50, 4.9928e-10, 2.0560e-08
INVX1, 2.20, 15.00, 0.15, 1.00, 7.9128e-10, 2.1101e-08
INVX1, 2.20, 15.00, 0.15, 1.50, 1.0653e-09, 2.1652e-08
INVX1, 2.20, 15.00, 0.20, 0.50, 5.6550e-10, 2.0571e-08
INVX1, 2.20, 15.00, 0.20, 1.00, 8.6328e-10, 2.1105e-08
INVX1, 2.20, 15.00, 0.20, 1.50, 1.1473e-09, 2.1651e-08
INVX1, 2.40, 5.00, 0.05, 0.50, 3.4928e-10, 2.0550e-08
INVX1, 2.40, 5.00, 0.05, 1.00, 6.0628e-10, 2.1103e-08
INVX1, 2.40, 5.00, 0.05, 1.50, 8.5228e-10, 2.1656e-08
INVX1, 2.40, 5.00, 0.10, 0.50, 4.1928e-10, 2.0551e-08
INVX1, 2.40, 5.00, 0.10, 1.00, 6.9628e-10, 2.1101e-08
INVX1, 2.40, 5.00, 0.10, 1.50, 9.5728e-10, 2.1654e-08
INVX1, 2.40, 5.00, 0.15, 0.50, 4.7928e-10, 2.0558e-08
INVX1, 2.40, 5.00, 0.15, 1.00, 7.7028e-10, 2.1099e-08
INVX1, 2.40, 5.00, 0.15, 1.50, 1.0433e-09, 2.1651e-08
INVX1, 2.40, 5.00, 0.20, 0.50, 5.3750e-10, 2.0570e-08
INVX1, 2.40, 5.00, 0.20, 1.00, 8.3628e-10, 2.1102e-08
INVX1, 2.40, 5.00, 0.20, 1.50, 1.1193e-09, 2.1649e-08
INVX1, 2.40, 10.00, 0.05, 0.50, 3.4928e-10, 2.0550e-08
INVX1, 2.40, 10.00, 0.05, 1.00, 6.0628e-10, 2.1103e-08
INVX1, 2.40, 10.00, 0.05, 1.50, 8.5228e-10, 2.1656e-08
INVX1, 2.40, 10.00, 0.10, 0.50, 4.1828e-10, 2.0551e-08
INVX1, 2.40, 10.00, 0.10, 1.00, 6.9628e-10, 2.1100e-08
INVX1, 2.40, 10.00, 0.10, 1.50, 9.5728e-10, 2.1654e-08
INVX1, 2.40, 10.00, 0.15, 0.50, 4.7928e-10, 2.0558e-08
INVX1, 2.40, 10.00, 0.15, 1.00, 7.6928e-10, 2.1100e-08
INVX1, 2.40, 10.00, 0.15, 1.50, 1.0433e-09, 2.1651e-08
INVX1, 2.40, 10.00, 0.20, 0.50, 5.3750e-10, 2.0569e-08
INVX1, 2.40, 10.00, 0.20, 1.00, 8.3528e-10, 2.1102e-08
INVX1, 2.40, 10.00, 0.20, 1.50, 1.1183e-09, 2.1649e-08
INVX1, 2.40, 15.00, 0.05, 0.50, 3.4928e-10, 2.0550e-08
INVX1, 2.40, 15.00, 0.05, 1.00, 6.0628e-10, 2.1103e-08
INVX1, 2.40, 15.00, 0.05, 1.50, 8.5228e-10, 2.1655e-08
INVX1, 2.40, 15.00, 0.10, 0.50, 4.1828e-10, 2.0551e-08
INVX1, 2.40, 15.00, 0.10, 1.00, 6.9528e-10, 2.1101e-08
INVX1, 2.40, 15.00, 0.10, 1.50, 9.5728e-10, 2.1653e-08
INVX1, 2.40, 15.00, 0.15, 0.50, 4.7928e-10, 2.0557e-08
INVX1, 2.40, 15.00, 0.15, 1.00, 7.6928e-10, 2.1099e-08
INVX1, 2.40, 15.00, 0.15, 1.50, 1.0423e-09, 2.1651e-08
INVX1, 2.40, 15.00, 0.20, 0.50, 5.3650e-10, 2.0570e-08
INVX1, 2.40, 15.00, 0.20, 1.00, 8.3528e-10, 2.1102e-08
INVX1, 2.40, 15.00, 0.20, 1.50, 1.1173e-09, 2.1650e-08
